# https://github.com/mikedh/trimesh
mtllib material.mtl
usemtl material_0
v 4.01923789 0.00000200 32.32050808
v 4.01923789 0.00000200 32.32050808
v 4.01923789 0.00000200 32.32050808
v 4.01923589 40.00000000 32.32050461
v 4.01923589 40.00000000 32.32050461
v 4.01923589 40.00000000 32.32050461
v -15.98076211 -0.00000200 -2.32050808
v -15.98076211 -0.00000200 -2.32050808
v -15.98076211 -0.00000200 -2.32050808
v -15.98076411 40.00000000 -2.32051154
v -15.98076411 40.00000000 -2.32051154
v -15.98076411 40.00000000 -2.32051154
v 55.98076211 0.00000200 2.32050808
v 55.98076211 0.00000200 2.32050808
v 55.98076211 0.00000200 2.32050808
v 55.98076011 40.00000000 2.32050461
v 55.98076011 40.00000000 2.32050461
v 55.98076011 40.00000000 2.32050461
v 35.98076211 -0.00000200 -32.32050808
v 35.98076211 -0.00000200 -32.32050808
v 35.98076211 -0.00000200 -32.32050808
v 35.98076011 40.00000000 -32.32051154
v 35.98076011 40.00000000 -32.32051154
v 35.98076011 40.00000000 -32.32051154
v -40.00000000 0.00000200 58.28427125
v -40.00000000 0.00000200 58.28427125
v -40.00000000 0.00000200 58.28427125
v -40.00000283 40.00000000 58.28426842
v -40.00000283 40.00000000 58.28426842
v -40.00000283 40.00000000 58.28426842
v -68.28427125 -0.00000200 30.00000000
v -68.28427125 -0.00000200 30.00000000
v -68.28427125 -0.00000200 30.00000000
v -68.28427408 40.00000000 29.99999717
v -68.28427408 40.00000000 29.99999717
v -68.28427408 40.00000000 29.99999717
v -11.71572875 0.00000200 30.00000000
v -11.71572875 0.00000200 30.00000000
v -11.71572875 0.00000200 30.00000000
v -11.71573158 40.00000000 29.99999717
v -11.71573158 40.00000000 29.99999717
v -11.71573158 40.00000000 29.99999717
v -40.00000000 -0.00000200 1.71572875
v -40.00000000 -0.00000200 1.71572875
v -40.00000000 -0.00000200 1.71572875
v -40.00000283 40.00000000 1.71572592
v -40.00000283 40.00000000 1.71572592
v -40.00000283 40.00000000 1.71572592
v 72.32050808 0.00000200 -24.01923789
v 72.32050808 0.00000200 -24.01923789
v 72.32050808 0.00000200 -24.01923789
v 72.32050461 40.00000000 -24.01923989
v 72.32050461 40.00000000 -24.01923989
v 72.32050461 40.00000000 -24.01923989
v 37.67949192 -0.00000200 -44.01923789
v 37.67949192 -0.00000200 -44.01923789
v 37.67949192 -0.00000200 -44.01923789
v 37.67948846 40.00000000 -44.01923989
v 37.67948846 40.00000000 -44.01923989
v 37.67948846 40.00000000 -44.01923989
v 102.32050808 0.00000200 -75.98076211
v 102.32050808 0.00000200 -75.98076211
v 102.32050808 0.00000200 -75.98076211
v 102.32050461 40.00000000 -75.98076411
v 102.32050461 40.00000000 -75.98076411
v 102.32050461 40.00000000 -75.98076411
v 67.67949192 -0.00000200 -95.98076211
v 67.67949192 -0.00000200 -95.98076211
v 67.67949192 -0.00000200 -95.98076211
v 67.67948846 40.00000000 -95.98076411
v 67.67948846 40.00000000 -95.98076411
v 67.67948846 40.00000000 -95.98076411
vn -0.86602540 0.00000000 0.50000000
vn 0.50000000 0.00000000 0.86602540
vn 0.00000000 -1.00000000 0.00000000
vn 0.50000000 0.00000000 0.86602540
vn 0.00000000 1.00000000 0.00000000
vn -0.86602540 0.00000000 0.50000000
vn -0.86602540 0.00000000 0.50000000
vn -0.50000000 0.00000000 -0.86602540
vn 0.00000000 -1.00000000 0.00000000
vn 0.00000000 1.00000000 0.00000000
vn -0.86602540 0.00000000 0.50000000
vn -0.50000000 0.00000000 -0.86602540
vn 0.86602540 0.00000000 -0.50000000
vn 0.50000000 0.00000000 0.86602540
vn 0.00000000 -1.00000000 0.00000000
vn 0.86602540 0.00000000 -0.50000000
vn 0.50000000 0.00000000 0.86602540
vn 0.00000000 1.00000000 0.00000000
vn -0.50000000 0.00000000 -0.86602540
vn 0.86602540 0.00000000 -0.50000000
vn 0.00000000 -1.00000000 0.00000000
vn -0.50000000 0.00000000 -0.86602540
vn 0.86602540 0.00000000 -0.50000000
vn 0.00000000 1.00000000 0.00000000
vn -0.70710678 0.00000000 0.70710678
vn 0.70710678 0.00000000 0.70710678
vn 0.00000000 -1.00000000 0.00000000
vn 0.70710678 0.00000000 0.70710678
vn 0.00000000 1.00000000 0.00000000
vn -0.70710678 0.00000000 0.70710678
vn -0.70710678 0.00000000 0.70710678
vn -0.70710678 0.00000000 -0.70710678
vn 0.00000000 -1.00000000 0.00000000
vn 0.00000000 1.00000000 0.00000000
vn -0.70710678 0.00000000 0.70710678
vn -0.70710678 0.00000000 -0.70710678
vn 0.70710678 0.00000000 -0.70710678
vn 0.70710678 0.00000000 0.70710678
vn 0.00000000 -1.00000000 0.00000000
vn 0.70710678 0.00000000 -0.70710678
vn 0.70710678 0.00000000 0.70710678
vn 0.00000000 1.00000000 0.00000000
vn -0.70710678 0.00000000 -0.70710678
vn 0.70710678 0.00000000 -0.70710678
vn 0.00000000 -1.00000000 0.00000000
vn -0.70710678 0.00000000 -0.70710678
vn 0.70710678 0.00000000 -0.70710678
vn 0.00000000 1.00000000 0.00000000
vn -0.50000000 0.00000000 0.86602540
vn 0.86602540 0.00000000 0.50000000
vn 0.00000000 -1.00000000 0.00000000
vn 0.86602540 0.00000000 0.50000000
vn 0.00000000 1.00000000 0.00000000
vn -0.50000000 0.00000000 0.86602540
vn -0.50000000 0.00000000 0.86602540
vn -0.86602540 0.00000000 -0.50000000
vn 0.00000000 -1.00000000 0.00000000
vn 0.00000000 1.00000000 0.00000000
vn -0.50000000 0.00000000 0.86602540
vn -0.86602540 0.00000000 -0.50000000
vn 0.50000000 0.00000000 -0.86602540
vn 0.86602540 0.00000000 0.50000000
vn 0.00000000 -1.00000000 0.00000000
vn 0.50000000 0.00000000 -0.86602540
vn 0.86602540 0.00000000 0.50000000
vn 0.00000000 1.00000000 0.00000000
vn -0.86602540 0.00000000 -0.50000000
vn 0.50000000 0.00000000 -0.86602540
vn 0.00000000 -1.00000000 0.00000000
vn -0.86602540 0.00000000 -0.50000000
vn 0.50000000 0.00000000 -0.86602540
vn 0.00000000 1.00000000 0.00000000
vt 0.37500000 0.00000000
vt 0.37500000 1.00000000
vt 0.12500000 0.75000000
vt 0.62500000 1.00000000
vt 0.87500000 0.75000000
vt 0.62500000 0.00000000
vt 0.37500000 0.25000000
vt 0.37500000 0.25000000
vt 0.12500000 0.50000000
vt 0.87500000 0.50000000
vt 0.62500000 0.25000000
vt 0.62500000 0.25000000
vt 0.37500000 0.75000000
vt 0.37500000 0.75000000
vt 0.37500000 0.75000000
vt 0.62500000 0.75000000
vt 0.62500000 0.75000000
vt 0.62500000 0.75000000
vt 0.37500000 0.50000000
vt 0.37500000 0.50000000
vt 0.37500000 0.50000000
vt 0.62500000 0.50000000
vt 0.62500000 0.50000000
vt 0.62500000 0.50000000
vt 0.37500000 0.00000000
vt 0.37500000 1.00000000
vt 0.12500000 0.75000000
vt 0.62500000 1.00000000
vt 0.87500000 0.75000000
vt 0.62500000 0.00000000
vt 0.37500000 0.25000000
vt 0.37500000 0.25000000
vt 0.12500000 0.50000000
vt 0.87500000 0.50000000
vt 0.62500000 0.25000000
vt 0.62500000 0.25000000
vt 0.37500000 0.75000000
vt 0.37500000 0.75000000
vt 0.37500000 0.75000000
vt 0.62500000 0.75000000
vt 0.62500000 0.75000000
vt 0.62500000 0.75000000
vt 0.37500000 0.50000000
vt 0.37500000 0.50000000
vt 0.37500000 0.50000000
vt 0.62500000 0.50000000
vt 0.62500000 0.50000000
vt 0.62500000 0.50000000
vt 0.37500000 0.00000000
vt 0.37500000 1.00000000
vt 0.12500000 0.75000000
vt 0.62500000 1.00000000
vt 0.87500000 0.75000000
vt 0.62500000 0.00000000
vt 0.37500000 0.25000000
vt 0.37500000 0.25000000
vt 0.12500000 0.50000000
vt 0.87500000 0.50000000
vt 0.62500000 0.25000000
vt 0.62500000 0.25000000
vt 0.37500000 0.75000000
vt 0.37500000 0.75000000
vt 0.37500000 0.75000000
vt 0.62500000 0.75000000
vt 0.62500000 0.75000000
vt 0.62500000 0.75000000
vt 0.37500000 0.50000000
vt 0.37500000 0.50000000
vt 0.37500000 0.50000000
vt 0.62500000 0.50000000
vt 0.62500000 0.50000000
vt 0.62500000 0.50000000
f 6/6/6 7/7/7 1/1/1
f 12/12/12 19/19/19 8/8/8
f 23/23/23 13/13/13 20/20/20
f 17/17/17 2/2/2 14/14/14
f 21/21/21 3/3/3 9/9/9
f 10/10/10 18/18/18 24/24/24
f 6/6/6 11/11/11 7/7/7
f 12/12/12 22/22/22 19/19/19
f 23/23/23 16/16/16 13/13/13
f 17/17/17 4/4/4 2/2/2
f 21/21/21 15/15/15 3/3/3
f 10/10/10 5/5/5 18/18/18
f 30/30/30 31/31/31 25/25/25
f 36/36/36 43/43/43 32/32/32
f 47/47/47 37/37/37 44/44/44
f 41/41/41 26/26/26 38/38/38
f 45/45/45 27/27/27 33/33/33
f 34/34/34 42/42/42 48/48/48
f 30/30/30 35/35/35 31/31/31
f 36/36/36 46/46/46 43/43/43
f 47/47/47 40/40/40 37/37/37
f 41/41/41 28/28/28 26/26/26
f 45/45/45 39/39/39 27/27/27
f 34/34/34 29/29/29 42/42/42
f 54/54/54 55/55/55 49/49/49
f 60/60/60 67/67/67 56/56/56
f 71/71/71 61/61/61 68/68/68
f 65/65/65 50/50/50 62/62/62
f 69/69/69 51/51/51 57/57/57
f 58/58/58 66/66/66 72/72/72
f 54/54/54 59/59/59 55/55/55
f 60/60/60 70/70/70 67/67/67
f 71/71/71 64/64/64 61/61/61
f 65/65/65 52/52/52 50/50/50
f 69/69/69 63/63/63 51/51/51
f 58/58/58 53/53/53 66/66/66

